4845.44
5025.85
4927.79
4944.47
4999.64
5077.77
4941.27
5010.62
4878.55
5110.26
4922.21
4932.2
5025.3
4917.68
5022.24
5059.05
5091.17
5018.55
5059.25
4919.29
4949.62
4988.2
5024.1
5072.22
5161.62
4957.78
5004.16
5046.5
4773.67
5183.79
4842.85
4958.11
4903.2
5105.41
4753.36
5052.45
5215.63
5091.16
4979.35
5070.19
4938.58
5185.91
5096.22
5080.92
4965.88
5027.65
5031.84
4953.42
4917.62
4960.02
5076.96
4913.55
5059.3
4967.66
5046.15
4969.45
5033.99
4835.12
5006.51
4850.48
4966.11
5011.35
5135.58
5133.35
5003.69
5037.54
4919.96
4915.47
4995.23
5065.6
4986.7
4914.56
4911.38
5059.81
5022.25
5045.24
5077.75
4998.66
5099.06
5044.82
5152.49
4936.54
5035.08
5050.5
4998.73
5021.57
5017.75
5049.25
4990.17
5015.1
4946.23
4787.91
4999.3
4998.75
5022.45
5262.38
4961.82
5090.54
4871.76
5041.8
5074.38
5052.93
4864.23
5051.46
4991.14
4953.88
5046.26
4981.28
5005.76
4784.44
4916.62
5069.95
4959.83
4912.96
4950.58
4869.61
4923.8
4894.05
4900.32
4848.05
5050.63
5106.77
5020.78
5118.07
5035.22
5044.53
5010.53
5032.43
5054.55
5081.41
4950.93
5173.51
4970.77
5019.91
5186.66
5116.89
5081.12
4960.81
4946.42
4998.03
5030.87
5037.6
4826.86
4854.64
5023.64
4988.71
4992.39
4947.48
5028.81
5138.55
4981.3
5003.04
4849.77
4961.93
4948.05
4934.9
4982.67
4975.84
4880.41
4920.9
4973.43
5338.62
4929.21
5070.64
4804.85
5056.66
4928.68
4946.06
4960.75
5059.73
4966.62
4965.96
4961.84
5006.93
5055.79
4901.21
4947.87
5080.74
5041.31
4897.34
4970.5
4968.06
5082.8
4996.18
5071.49
4920.58
4919.58
4907.67
5111.45
5089.5
4945.64
4959.9
4974.68
4875.43
4987.17
4874.47
4987.0
4942.45
4926.93
5035.28
4866.46
4899.96
4964.39
4912.99
4877.64
4900.47
5020.31
4894.59
5044.96
5040.6
4911.88
4801.95
4948.69
4933.96
4863.93
4933.55
5028.32
5062.11
4877.92
5062.61
5014.5
5015.58
5072.84
5007.34
4999.38
5016.85
4983.92
5014.71
4874.47
5015.37
5034.25
4898.56
4950.99
5049.57
4806.55
5049.74
5006.1
5079.26
5102.54
5053.29
4962.25
4961.3
4974.3
5068.04
4962.61
4965.71
4945.58
4949.87
4990.52
5100.55
4999.41
4938.28
4996.26
5057.91
4963.89
4987.71
4998.65
5014.79
5049.55
4989.63
5096.42
4993.64
5004.81
5021.73
4966.01
5020.85
5184.53
4913.65
4835.67
4970.88
5043.85
5004.61
4913.19
4945.61
5088.03
4974.89
5018.97
5177.02
4982.19
5103.18
4965.86
4807.14
5156.35
5175.03
4959.77
5112.57
5008.94
4990.34
5190.63
4885.57
4979.63
4964.37
5125.59
5027.62
4821.96
4969.58
4999.54
4970.68
5028.35
5087.54
4942.91
5054.81
5065.07
5062.63
4993.96
5036.08
4840.86
4894.47
5217.95
5005.93
4793.4
4962.26
5063.49
4930.58
5004.29
4912.58
4938.64
5034.87
5065.17
4984.56
4860.66
4985.6
4925.25
4990.98
5060.36
4778.2
5133.3
4974.87
4849.56
5024.84
5029.72
4924.91
4989.0
4989.98
5110.21
5070.01
4751.49
4825.99
4843.96
5076.68
5083.88
5053.25
5029.0
5020.09
4915.38
4930.47
4990.12
4904.16
5108.5
5039.88
4893.68
4964.07
4985.03
4903.0
4943.09
4960.4
4990.84
4996.42
4937.52
4913.1
5031.95
4904.0
5102.02
5257.37
5101.22
5099.29
5065.37
5126.11
5052.93
5107.51
4876.8
4798.85
4914.73
4940.08
4998.37
4966.82
4954.09
4929.76
5045.51
4903.78
5038.7
4945.71
5054.8
5061.13
5081.7
4764.31
4944.48
4941.66
5123.14
5128.13
5020.48
4820.97
5145.05
4994.03
4967.45
4976.46
5015.76
5170.28
5043.06
5030.37
5208.76
4975.81
4893.47
4954.46
5043.57
5032.61
4925.22
4944.33
4935.59
5070.42
5036.44
5033.98
4949.95
5174.29
4963.3
4952.79
5120.72
4979.44
5047.75
5022.16
4979.86
4942.5
5064.73
5083.05
4932.24
4971.26
4888.87
5032.98
4961.48
4926.84
5053.39
5059.5
4911.58
5076.76
5068.13
4890.7
5012.23
4937.43
4942.62
4819.01
4864.73
5012.26
5047.17
5041.72
5142.87
4931.44
4952.84
4942.38
5008.24
5015.91
5012.28
5090.36
4996.78
5131.56
4940.15
5042.21
4752.55
4996.14
5042.81
4999.75
5128.27
4991.55
5035.0
4885.38
5040.13
5133.83
5014.64
4918.55
5001.66
4883.43
5135.27
4910.78
4943.73
5026.19
5001.17
5002.33
4894.02
4904.09
5019.61
4965.45
4948.66
4961.45
5067.56
4899.99
4790.93
4810.73
5074.83
4837.46
4968.2
4916.5
5029.29
5035.81
4917.61
5118.31
5053.29
4895.31
5088.28
4949.82
5044.15
5026.85
4968.03
4943.69
5038.78
5046.32
5037.2
4766.8
4903.06
5040.14
4951.39
5054.48
4964.35
5060.18
5075.93
4868.1
5010.79
5063.69
5043.28
5103.14
4820.79
5098.14
4976.03
5123.36
4992.06
4821.59
5064.5
5155.21
5016.6
4976.55
5067.32
5000.57
4914.9
5069.97
5028.1
4879.35
5115.5
5128.38
4922.52
5059.76
4971.32
4892.28
5048.12
4943.98
4932.28
5038.4
5061.6
4920.84
4926.96
4933.22
5045.25
4997.99
5023.97
5022.85
4968.26
5038.3
5152.13
5054.31
5138.44
4898.61
4938.24
5074.79
5039.04
5046.84
5096.84
4969.35
5008.45
5067.21
5113.04
4885.12
4873.0
5044.35
5015.89
4929.42
5068.18
4877.19
5000.65
4957.07
5108.77
5040.85
4963.69
4955.02
4907.51
4913.29
5027.42
4945.41
4875.1
5053.48
4997.01
4926.03
5073.18
5020.68
5002.76
4924.98
4890.29
5115.63
4961.5
4805.95
5104.37
4981.47
5082.03
4917.65
5003.54
5065.93
5022.5
5119.43
5030.67
5015.09
5051.53
5018.71
4897.72
4913.18
4860.74
5020.93
4976.4
5077.92
4884.25
5027.56
5155.41
5033.08
5053.19
4966.03
4883.9
5057.53
4850.28
5096.05
4965.58
4933.1
5086.41
5034.7
5116.03
4977.72
5097.91
5009.97
5029.39
4862.84
5120.56
5130.9
5093.55
4840.51
5001.05
4984.32
5095.15
4873.13
5131.19
4900.29
5138.82
5000.94
4953.76
4975.14
4972.68
5005.6
5003.25
4978.13
4975.13
4889.0
4980.23
5027.9
5197.65
5006.96
5130.1
5015.89
5046.72
4986.31
5019.13
5028.62
5083.73
5129.62
5028.02
5025.92
5060.85
4963.22
4987.8
4938.14
4950.23
5100.65
5048.54
5042.86
4844.06
4896.56
4932.15
4890.47
5087.59
5040.04
5043.35
4848.42
5002.0
4933.13
5020.66
5104.52
4858.73
5058.26
5128.21
4868.24
4882.08
5124.48
5059.75
4992.36
4995.23
4985.61
4952.98
5075.92
5172.9
4936.21
5064.09
4809.11
4940.06
4967.12
5087.88
5097.31
5036.24
4970.8
4999.11
5022.95
4887.65
5038.19
5046.51
4993.75
4971.29
5057.46
5010.17
5088.03
4893.55
5004.08
4902.17
4843.03
4990.01
4952.94
4998.79
5048.92
4842.92
4993.04
4867.75
5041.3
5085.3
5077.85
5024.8
5139.53
4956.76
4840.44
4896.63
5083.82
4966.11
5077.91
4985.96
4887.47
4994.72
4894.44
4967.08
5069.05
4931.61
4856.96
4871.05
4958.93
5088.79
4970.71
4993.05
4999.21
5024.26
5012.65
4911.23
5077.33
4976.09
5038.03
5128.89
4966.66
5048.76
5023.08
4960.25
5123.59
4975.96
5141.98
5173.4
5007.93
5048.45
5075.59
5165.73
4808.86
4989.5
4901.85
4910.67
5017.56
5001.79
5081.18
5093.55
4987.6
5110.55
5087.93
4871.93
4873.78
5008.29
4982.22
4883.03
4929.34
4974.43
5020.08
4873.37
4979.78
5082.57
4982.23
4919.88
5008.38
5144.22
5082.06
4982.91
4944.65
4973.19
4933.64
4987.08
5104.75
5066.95
4945.32
5005.06
5123.91
4966.02
5022.34
4988.17
4968.97
5041.75
4951.76
5081.71
4829.13
4974.34
5014.48
4907.09
4996.81
4926.74
5022.77
5187.21
5145.39
5003.16
4946.89
4988.6
4943.55
4787.79
5137.35
4959.8
5059.85
5059.24
5056.06
5104.75
5014.25
5108.79
5114.25
5088.36
4878.38
4929.72
5086.8
4903.34
4963.02
4913.32
4950.39
4937.83
4871.11
4849.92
5015.57
5098.82
4951.77
5017.61
5112.31
5024.8
4898.32
5112.92
5079.65
4945.72
4883.96
5093.32
4839.13
4887.59
4963.39
4896.86
5041.56
5025.04
5038.78
5082.9
5066.58
5042.34
4998.66
4981.01
4967.64
4921.36
4993.71
4901.94
5061.14
5071.68
4967.32
4973.78
4979.06
4899.57
4886.17
5192.13
4897.24
4937.43
5133.52
4837.29
5105.91
4875.78
5204.11
5054.1
5069.81
4986.67
4850.25
4947.63
4880.48
5020.3
4988.26
4793.55
4949.94
4950.54
4984.49
5151.1
5021.95
5010.72
5058.98
4988.12
4959.29
5058.15
4989.59
4947.11
4965.77
5097.97
4867.51
5029.39
5095.26
5024.68
4716.43
4902.29
4986.53
5038.82
4966.51
4969.15
4923.38
4914.0
5039.21
4907.32
4908.7
4986.42
4940.14
5060.94
4989.18
5039.09
5011.28
5061.88
5060.44
4924.05
4836.09
4935.55
5100.41
4984.77
5051.85
4995.15
4946.19
4911.72
4995.51
5088.42
5025.79
5200.71
5096.01
4981.01
4942.02
4917.81
4925.47
5094.22
5010.4
4889.53
5187.33
4963.15
5107.74
4974.11
4951.06
4945.42
4933.89
4979.71
4996.87
4902.56
5101.78
5155.28
5093.89
5026.51
5044.07
4937.26
4832.96
5034.86
4825.4
5013.92
5096.23
5177.87
5006.5
5016.11
5063.04
4914.36
5059.91
4778.01
4946.28
4989.44
5057.2
4928.35
4962.12
4965.14
5109.67
4967.54
5142.9
